Spezifische Waerme
Kondensator: 10 nanoF; Parallel
Fehler U:=10V
Daten:
U [V] +-10	h [mm] +- 0.1
100		2
200		5
300		10
400		18
500		26	25
450		22
350		12
250		6
150		1

Gasthermometer
Fehler:
T ca. 0.5째C
P ca. 0.03kPa
Messger채t x2=KPa
P0 = 1014h.0PA +- 0.1
T0 = 27 째C +- 0.5
P1 = 1013.7 hPA +-0.1
T1 = 27.5 째C +- 0.5

T	p/2
0	-0.04
1	0.2
2	0.35
5	0.95
7	1.22
10	1.88
12	2.12
15	2.81
17	3.14
20	3.67
23	4.18
25	4.47
27	4.87
30	5.34
32	5.70
35	6.15
38	6.6
40	6.99
42	7.44
45	7.96
47	8.29
50	8.75
52	9.13
55	9.66
57	10.01
60	10.49
65	11.38
68	11.8
70	12.22
73	12.68
75	12.95
77	13.29
80	13.89
85	14.70
88	15.22
90	15.57
92	16.05
95	16.41
98	17.22

andere Richtung
T	p/2
92	15.93
90	15.44
88	15.10
85	14.51
80	13.80
75	12.93
70	12.14
65	11.31
60	10.52
55	9.65
50	8.81
45	7.97
40	7.15
35	6.29
30	5.45
23	4.18
20	3.72
15	2.70
10	1.55
5	0.81
0	-0.03
