0	-0.04 	0.2
1	0.2	0.2
2	0.35	0.2
5	0.95	0.2
7	1.22	0.2
10	1.88	0.2
12	2.12	0.2
15	2.81	0.2
17	3.14 	0.2
20	3.67 	0.2
23	4.18 	0.2
25	4.47 	0.2
27	4.87 	0.2
30	5.34 	0.2
32	5.70 	0.2
35	6.15 	0.2
38	6.6	0.2	
40	6.99    0.2
42	7.44    0.2
45	7.96    0.2
47	8.29    0.2
50	8.75    0.2
52	9.13    0.2
55	9.66    0.2
57	10.01	0.2
60	10.49   0.2
65	11.38   0.2
68	11.8    0.2
70	12.22   0.2
73	12.68   0.2
75	12.95   0.2
77	13.29   0.2
80	13.89	0.2
85	14.70   0.2
88	15.22   0.2
90	15.57   0.2
92	16.05   0.2
95	16.41   0.2
98	17.22   0.2
